Process: 0
           0           0           0           0           0           0           0           0           0    0.220455           0           0           0           0           0           0           0           0           0           0           0           0    0.299343           0           0           0           0           0
Process: 1
           0           0           0           0           0           0           0           0           0           0           0           0           0           0           0           0           0           0           0           0           0           0           0           0           0           0           0           0
Process: 2
           0           0           0           0           0           0           0           0           0           0           0           0           0     2.35511           0           0           0           0           0           0           0           0           0           0           0           0           0           0
Process: 3
           0     1.31311           0           0           0           0           0           0           0           0           0           0           0           0           0           0           0           0           0           0           0           0           0           0           0           0           0           0
Process: 4
           0           0           0           0           0           0           0           0           0           0           0           0           0           0           0           0           0           0           0           0           0           0           0           0           0           0           0           0
Process: 5
           0           0           0           0           0           0           0           0           0           0           0           0           0           0           0           0           0           0           0           0           0           0           0           0           0           0           0           0
Process: 6
           0           0           0           0           0           0           0           0           0           0           0           0           0           0           0           0           0           0           0           0      5.4034           0           0           0           0           0           0           0
Process: 7
           0           0    0.897815           0           0           0           0           0           0           0           0           0           0           0           0           0           0           0           0           0           0           0           0           0           0     2.19346           0           0
Process: 8
           0           0           0           0           0     1.84375     5.23882           0           0           0           0           0           0           0           0           0           0           0           0           0           0           0           0           0           0           0           0           0
Process: 9
           0           0           0           0           0           0           0           0           0           0           0           0           0           0           0           0           0           0           0           0           0           0           0           0           0           0     8.09504           0
Process: 10
           0           0           0           0           0           0           0           0           0           0           0           0           0           0           0           0           0           0           0           0           0           0           0           0           0           0     5.27904           0
Process: 11
           0           0           0           0           0           0           0           0           0           0           0           0           0           0           0           0           0           0           0           0           0           0           0           0           0           0           0           0
Process: 12
           0           0           0           0           0           0           0           0           0           0     2.93881           0           0           0           0           0           0           0           0           0           0           0           0           0           0           0           0           0
Process: 13
           0           0     2.28021           0           0           0           0           0           0           0           0           0           0           0           0           0           0           0           0           0           0           0           0           0           0           0           0           0
Process: 14
           0           0           0           0           0           0           0           0           0           0           0           0           0           0           0           0           0           0           0           0           0           0           0           0           0           0           0           0
Process: 15
           0           0           0     5.54348           0           0           0           0           0           0           0           0           0           0           0           0           0           0           0           0           0           0           0           0           0           0           0           0
Process: 16
           0           0           0           0           0           0           0           0           0           0           0           0           0           0           0           0           0           0           0           0           0           0           0           0           0           0           0           0
Process: 17
           0      8.9625     3.84446           0           0     8.56566           0           0           0           0           0           0           0           0           0           0           0           0           0           0           0           0           0           0           0           0           0           0
Process: 18
           0           0           0           0           0           0           0           0           0           0           0           0           0           0           0           0           0           0           0           0           0           0           0           0           0           0           0           0
Process: 19
           0           0           0           0     9.34093           0           0           0           0           0           0           0           0     4.76631           0           0           0           0           0           0           0           0           0           0           0           0           0           0
Process: 20
           0           0           0           0           0           0           0           0           0           0           0           0           0           0           0           0           0           0           0           0           0           0           0           0           0           0           0           0
Process: 21
           0           0           0      6.2278           0           0           0           0           0           0           0           0           0           0           0           0           0           0           0     4.64978           0     6.55718           0           0           0           0           0           0
Process: 22
           0           0           0           0           0           0           0           0           0           0           0           0           0           0           0           0           0           0           0           0           0           0           0           0           0           0           0           0
Process: 23
           0           0           0           0           0           0           0           0           0           0           0           0           0           0           0           0           0           0           0           0           0           0           0           0           0           0           0           0
Process: 24
           0           0           0           0           0           0           0           0           0           0           0           0           0           0           0           0           0           0           0           0           0           0           0           0           0           0           0           0
Process: 25
           0           0           0           0           0           0           0     5.01763           0           0           0           0           0           0           0           0           0           0           0           0           0           0           0           0           0           0           0           0
Process: 26
           0           0           0           0           0           0           0           0           0           0           0           0           0           0           0           0     1.33573           0           0           0           0           0           0           0           0           0           0           0
Process: 27
           0           0           0           0           0           0           0           0           0           0           0           0           0           0           0           0           0           0           0           0           0           0           0           0           0           0           0           0
it 16 diff -6.13041e-07 eigenv 6.55718
eigen value = 6.55718
eigen vector = [ 0 0 1.27255e-08 0 0 0 0 5.44243e-06 0 0 0 0 0 1.27255e-08 0 0 0 2.14554e-08 0 2.57541e-08 0 1 0 0 0 7.11714e-06 0 0 ]
elapsed time: 0.016259
diff & it: -6.13041e-07 16
