Process: 0
           0           0           0           0           0           0           0           0           0           0           0           0           0           0           0           0           0           0           0           0           0           0           0           0           0           0           0           0
Process: 1
           0           0           0           0           0           0           0           0           0           0           0           0           0           0           0           0           0           0           0           0           0           0           0           0           0           0           0           0
Process: 2
           0           0           0           0           0           0           0           0           0           0           0           0           0           0           0           0           0           0           0           0           0           0           0           0     5.83428           0           0           0
Process: 3
           0           0           0           0           0           0           0           0           0           0           0           0           0           0           0           0           0           0           0     9.34748           0           0           0           0           0           0           0           0
Process: 4
           0           0           0           0           0           0           0           0           0           0           0           0           0           0           0           0           0           0           0           0           0           0           0           0           0           0           0           0
Process: 5
           0           0           0           0           0           0           0           0           0           0           0           0           0           0           0           0           0           0           0           0           0           0           0           0           0           0           0           0
Process: 6
           0           0           0           0           0           0           0           0           0           0           0           0           0           0           0           0           0           0           0           0           0           0           0           0           0           0           0           0
Process: 7
           0           0           0           0           0           0           0           0           0           0           0           0           0           0     7.05291           0           0           0           0           0           0           0           0           0           0           0           0           0
Process: 8
           0           0     8.29311           0           0           0           0           0           0           0           0           0           0           0           0           0           0           0           0           0           0           0           0           0           0           0           0           0
Process: 9
    0.609172           0           0           0           0           0           0           0           0           0           0           0           0           0           0           0           0           0           0           0           0           0           0           0           0     7.66139           0           0
Process: 10
           0           0           0           0           0           0           0           0           0           0           0           0           0           0           0           0           0           0           0           0     5.57429           0           0           0           0           0           0           0
Process: 11
     4.37984           0           0           0           0           0           0           0           0           0           0           0           0           0           0           0           0           0           0           0           0           0           0           0           0           0           0           0
Process: 12
           0           0           0           0           0           0           0           0           0           0           0           0           0           0           0           0     1.91307           0           0           0           0           0           0           0           0           0           0           0
Process: 13
           0           0           0           0           0           0           0           0    0.153255           0           0           0           0           0           0           0           0           0           0           0           0           0           0           0           0           0           0           0
Process: 14
           0           0           0           0     1.56377           0           0           0           0           0           0           0           0           0           0           0           0           0           0           0           0           0           0           0     1.55137           0           0           0
Process: 15
           0           0           0           0           0           0           0           0           0           0           0           0           0           0           0           0           0           0           0           0           0           0           0           0           0           0           0           0
Process: 16
           0           0           0           0           0           0           0           0           0           0           0           0           0           0           0           0           0           0           0           0           0           0           0           0           0           0           0           0
Process: 17
           0           0           0           0           0           0           0           0           0           0           0           0           0           0           0           0     4.83827           0           0           0           0      9.0186           0           0           0           0           0           0
Process: 18
           0           0           0           0           0           0           0           0           0           0           0           0           0           0           0           0           0           0           0           0           0           0           0           0           0           0           0           0
Process: 19
      8.6781           0           0           0           0           0           0           0           0           0           0           0           0           0           0           0           0           0           0           0           0           0           0           0           0           0           0           0
Process: 20
           0           0           0           0           0           0           0           0           0           0           0           0           0           0           0           0           0           0           0           0           0           0           0           0           0           0           0           0
Process: 21
           0           0           0           0           0           0           0           0           0           0           0           0           0           0           0           0           0      1.8226       9.151           0           0           0           0           0           0           0           0           0
Process: 22
           0           0           0           0     3.76507           0           0           0           0           0           0           0           0           0           0           0           0           0           0           0           0           0           0           0           0           0           0           0
Process: 23
           0     9.38816           0           0           0           0           0           0           0           0     6.29467           0           0           0     7.19461           0           0           0           0           0           0           0           0           0           0           0           0           0
Process: 24
           0           0     5.16464           0           0           0           0           0           0           0           0           0           0           0           0           0           0           0           0           0           0     4.90783           0           0           0           0           0           0
Process: 25
           0           0           0           0           0           0           0           0           0           0           0           0           0           0           0           0           0           0           0           0           0           0    0.623842           0           0           0     6.22943           0
Process: 26
           0           0           0           0           0           0           0           0           0           0           0           0           0           0           0           0           0     3.52659           0           0           0           0           0           0           0           0           0           0
Process: 27
     6.42864           0           0           0           0           0           0           0           0           0           0           0           0           0           0           0           0           0           0           0     4.32579           0           0           0           0           0           0     7.47714
it 29 diff -4.84929e-07 eigenv 7.47714
eigen value = 7.47714
eigen vector = [ 0 0 0.000275399 0 0 0 0 6.64521e-05 0.000293853 1.2194e-07 0 0 0 1.16147e-05 7.32302e-05 0 0 2.74078e-08 0 0 0 2.17049e-08 0 6.77872e-05 0.000183015 3.66308e-08 4.19973e-08 1 ]
elapsed time: 0.0249369
diff & it: -4.84929e-07 29
