     5.00556           0           0           0           0           0           0           0           0           0           0           0           0           0           0     2.43377           0           0           0           0     5.64308           0           0           0           0           0     3.97663           0
           0           0           0     8.23991     8.43638           0           0           0           0           0           0           0           0           0           0           0           0           0           0           0           0      1.8363           0           0           0           0           0           0
           0           0           0           0           0           0           0           0           0           0           0           0           0           0           0           0     5.75603           0           0     2.96469           0           0           0           0           0     4.48962           0           0
           0           0           0           0           0           0           0           0           0           0           0           0           0           0           0           0           0           0           0           0           0     7.20069           0           0           0           0           0           0
           0           0           0           0           0           0           0           0           0           0           0           0           0           0           0           0           0           0           0           0           0           0           0           0           0           0           0     8.32422
           0           0           0           0           0     7.23356           0     7.53304           0           0           0           0           0           0           0           0           0           0           0           0           0           0           0           0           0           0           0           0
           0           0           0           0           0           0           0           0           0           0           0           0           0           0           0           0     1.95702           0           0           0           0           0           0           0           0           0           0           0
           0           0     9.54868           0           0           0           0           0           0           0           0           0           0           0           0           0           0     4.03493           0           0           0           0           0           0           0           0           0           0
           0           0           0           0           0           0           0           0           0           0           0           0           0           0           0           0           0           0           0           0           0           0           0           0           0           0           0           0
           0           0           0           0           0           0           0           0           0           0           0     7.74923           0           0           0           0           0           0           0           0           0           0           0           0           0           0           0           0
           0           0           0           0           0      7.2488           0           0           0           0           0           0           0           0           0           0           0     6.13721           0           0           0           0           0           0           0           0           0           0
           0           0           0           0           0           0           0           0     9.17086           0           0           0     4.50782           0           0           0           0           0           0           0           0           0           0           0           0           0           0           0
           0           0           0           0           0           0           0           0           0           0           0           0           0     4.23744           0           0           0           0           0           0           0           0           0    0.252388           0           0           0           0
           0           0           0     4.87113           0           0           0           0           0           0           0           0           0           0           0           0           0           0           0           0           0           0           0           0           0           0           0           0
           0           0           0           0           0           0           0           0           0           0           0           0           0           0           0           0           0           0           0           0           0           0           0           0           0           0           0           0
     5.22753           0           0           0           0           0           0     5.58981           0           0           0           0           0           0           0           0           0           0           0           0           0           0           0           0           0           0           0           0
           0           0           0           0       1.446           0           0           0           0           0           0           0           0           0           0           0           0           0           0           0           0           0           0           0           0           0           0           0
           0     4.50265           0           0           0           0           0           0           0           0           0           0           0           0           0           0           0           0           0           0           0           0           0           0           0           0           0           0
           0           0           0           0           0           0           0           0           0           0           0           0           0           0           0           0           0     8.75284           0           0           0           0           0           0           0           0           0           0
           0           0           0           0           0           0           0     5.97482           0           0           0           0           0           0           0           0           0           0           0           0           0           0           0           0           0           0           0           0
           0           0           0           0           0           0           0           0           0           0           0           0           0           0           0           0           0           0           0           0           0           0           0           0           0           0           0           0
           0           0           0           0           0     9.35283           0           0           0           0           0           0     2.67964     2.89326           0           0           0           0           0           0           0           0           0           0           0           0     1.48453           0
           0           0           0           0           0           0           0           0           0           0     3.82559           0           0           0           0           0           0           0           0           0           0           0           0           0           0           0           0           0
           0           0           0           0           0           0           0           0           0           0           0           0           0           0           0           0           0           0           0           0           0           0           0           0           0           0           0           0
           0           0           0           0           0           0           0           0           0           0           0           0           0           0           0           0           0           0           0           0           0           0           0     9.45261           0           0           0           0
           0           0           0           0           0           0           0           0           0           0           0           0           0           0     2.90498           0           0           0           0           0           0           0           0           0           0           0           0           0
           0           0           0           0           0           0           0           0           0           0           0           0           0           0           0           0           0           0    0.477953           0           0           0           0    0.806381           0           0           0           0
           0       1.485           0           0           0           0           0           0           0           0           0           0           0           0           0           0           0           0           0           0           0           0           0           0           0           0           0           0
