Process: 0
     5.00556           0           0           0           0           0           0           0           0           0           0           0           0           0           0     2.43377           0           0           0           0     5.64308           0           0           0           0           0     3.97663           0
Process: 1
           0           0           0     8.23991     8.43638           0           0           0           0           0           0           0           0           0           0           0           0           0           0           0           0      1.8363           0           0           0           0           0           0
Process: 2
           0           0           0           0           0           0           0           0           0           0           0           0           0           0           0           0     5.75603           0           0     2.96469           0           0           0           0           0     4.48962           0           0
Process: 3
           0           0           0           0           0           0           0           0           0           0           0           0           0           0           0           0           0           0           0           0           0     7.20069           0           0           0           0           0           0
Process: 4
           0           0           0           0           0           0           0           0           0           0           0           0           0           0           0           0           0           0           0           0           0           0           0           0           0           0           0     8.32422
Process: 5
           0           0           0           0           0     7.23356           0     7.53304           0           0           0           0           0           0           0           0           0           0           0           0           0           0           0           0           0           0           0           0
Process: 6
           0           0           0           0           0           0           0           0           0           0           0           0           0           0           0           0     1.95702           0           0           0           0           0           0           0           0           0           0           0
Process: 7
           0           0     9.54868           0           0           0           0           0           0           0           0           0           0           0           0           0           0     4.03493           0           0           0           0           0           0           0           0           0           0
Process: 8
           0           0           0           0           0           0           0           0           0           0           0           0           0           0           0           0           0           0           0           0           0           0           0           0           0           0           0           0
Process: 9
           0           0           0           0           0           0           0           0           0           0           0     7.74923           0           0           0           0           0           0           0           0           0           0           0           0           0           0           0           0
Process: 10
           0           0           0           0           0      7.2488           0           0           0           0           0           0           0           0           0           0           0     6.13721           0           0           0           0           0           0           0           0           0           0
Process: 11
           0           0           0           0           0           0           0           0     9.17086           0           0           0     4.50782           0           0           0           0           0           0           0           0           0           0           0           0           0           0           0
Process: 12
           0           0           0           0           0           0           0           0           0           0           0           0           0     4.23744           0           0           0           0           0           0           0           0           0    0.252388           0           0           0           0
Process: 13
           0           0           0     4.87113           0           0           0           0           0           0           0           0           0           0           0           0           0           0           0           0           0           0           0           0           0           0           0           0
Process: 14
           0           0           0           0           0           0           0           0           0           0           0           0           0           0           0           0           0           0           0           0           0           0           0           0           0           0           0           0
Process: 15
     5.22753           0           0           0           0           0           0     5.58981           0           0           0           0           0           0           0           0           0           0           0           0           0           0           0           0           0           0           0           0
Process: 16
           0           0           0           0       1.446           0           0           0           0           0           0           0           0           0           0           0           0           0           0           0           0           0           0           0           0           0           0           0
Process: 17
           0     4.50265           0           0           0           0           0           0           0           0           0           0           0           0           0           0           0           0           0           0           0           0           0           0           0           0           0           0
Process: 18
           0           0           0           0           0           0           0           0           0           0           0           0           0           0           0           0           0     8.75284           0           0           0           0           0           0           0           0           0           0
Process: 19
           0           0           0           0           0           0           0     5.97482           0           0           0           0           0           0           0           0           0           0           0           0           0           0           0           0           0           0           0           0
Process: 20
           0           0           0           0           0           0           0           0           0           0           0           0           0           0           0           0           0           0           0           0           0           0           0           0           0           0           0           0
Process: 21
           0           0           0           0           0     9.35283           0           0           0           0           0           0     2.67964     2.89326           0           0           0           0           0           0           0           0           0           0           0           0     1.48453           0
Process: 22
           0           0           0           0           0           0           0           0           0           0     3.82559           0           0           0           0           0           0           0           0           0           0           0           0           0           0           0           0           0
Process: 23
           0           0           0           0           0           0           0           0           0           0           0           0           0           0           0           0           0           0           0           0           0           0           0           0           0           0           0           0
Process: 24
           0           0           0           0           0           0           0           0           0           0           0           0           0           0           0           0           0           0           0           0           0           0           0     9.45261           0           0           0           0
Process: 25
           0           0           0           0           0           0           0           0           0           0           0           0           0           0     2.90498           0           0           0           0           0           0           0           0           0           0           0           0           0
Process: 26
           0           0           0           0           0           0           0           0           0           0           0           0           0           0           0           0           0           0    0.477953           0           0           0           0    0.806381           0           0           0           0
Process: 27
           0       1.485           0           0           0           0           0           0           0           0           0           0           0           0           0           0           0           0           0           0           0           0           0           0           0           0           0           0
it 39 diff 6.01672e-07 eigenv 9.51606
eigen value = 9.51606
eigen vector = [ 0.0632439 0.430526 0.0277425 0.337604 0.05877 0.376944 0.00183653 0.114214 0 0.0296849 0.418513 0.0364533 0.0769526 0.172814 0 0.101833 0.00893031 0.203708 0.187371 0.0717111 0 0.446157 0.168249 0 0 0 0.00941089 0.067184 ]
elapsed time: 0.00606394
diff & it: 6.01672e-07 39
